j_offset	s_duration	s_measure	s_notes	s_intervals	s_isOnset	a_measure	a_duration	a_annotationNumber	a_romanNumeral	a_harmonicRhythm	a_pitchNames	a_bass	a_tenor	a_alto	a_soprano	a_root	a_inversion	a_quality	a_pcset	a_localKey	a_tonicizedKey	a_degree1	a_degree2	measureMisalignment	qualityScoreNotes	qualityNonChordTones	qualityMissingChordTones	qualitySquaredSum	incongruentBass
0.0	2.0	1.0	['A4', 'C5', 'D5', 'F#5']	['m3', 'P4', 'M6']	[True, True, True, True]	1.0	2.0	0.0	V7	0.0	('A', 'C', 'D', 'F#')	A	C	D	F#	D	2.0	7	(0, 2, 6, 9)	G	G	5	None	False	['A', 'C', 'D', 'F#', 'A', 'C', 'D', 'F#', 'A', 'C', 'D', 'F#', 'A', 'C', 'D', 'F#', 'A', 'C', 'D', 'F#', 'A', 'C', 'D', 'F#', 'A', 'C', 'D', 'F#', 'A', 'C', 'D', 'F#', 'A', 'C', 'D', 'F#', 'A', 'C', 'D', 'F#', 'A', 'C', 'D', 'F#', 'A', 'C', 'D', 'F#', 'A', 'C', 'D', 'F#', 'A', 'C', 'D', 'F#', 'A', 'C', 'D', 'F#', 'A', 'C', 'D', 'F#']	0.0	0.0	0.0	0.0
0.125	2.0	1.0	['A4', 'C5', 'D5', 'F#5']	['m3', 'P4', 'M6']	[False, False, False, False]	1.0	2.0	0.0	V7	1.0	('A', 'C', 'D', 'F#')	A	C	D	F#	D	2.0	7	(0, 2, 6, 9)	G	G	5	None	False	['A', 'C', 'D', 'F#', 'A', 'C', 'D', 'F#', 'A', 'C', 'D', 'F#', 'A', 'C', 'D', 'F#', 'A', 'C', 'D', 'F#', 'A', 'C', 'D', 'F#', 'A', 'C', 'D', 'F#', 'A', 'C', 'D', 'F#', 'A', 'C', 'D', 'F#', 'A', 'C', 'D', 'F#', 'A', 'C', 'D', 'F#', 'A', 'C', 'D', 'F#', 'A', 'C', 'D', 'F#', 'A', 'C', 'D', 'F#', 'A', 'C', 'D', 'F#', 'A', 'C', 'D', 'F#']	0.0	0.0	0.0	0.0
0.25	2.0	1.0	['A4', 'C5', 'D5', 'F#5']	['m3', 'P4', 'M6']	[False, False, False, False]	1.0	2.0	0.0	V7	2.0	('A', 'C', 'D', 'F#')	A	C	D	F#	D	2.0	7	(0, 2, 6, 9)	G	G	5	None	False	['A', 'C', 'D', 'F#', 'A', 'C', 'D', 'F#', 'A', 'C', 'D', 'F#', 'A', 'C', 'D', 'F#', 'A', 'C', 'D', 'F#', 'A', 'C', 'D', 'F#', 'A', 'C', 'D', 'F#', 'A', 'C', 'D', 'F#', 'A', 'C', 'D', 'F#', 'A', 'C', 'D', 'F#', 'A', 'C', 'D', 'F#', 'A', 'C', 'D', 'F#', 'A', 'C', 'D', 'F#', 'A', 'C', 'D', 'F#', 'A', 'C', 'D', 'F#', 'A', 'C', 'D', 'F#']	0.0	0.0	0.0	0.0
0.375	2.0	1.0	['A4', 'C5', 'D5', 'F#5']	['m3', 'P4', 'M6']	[False, False, False, False]	1.0	2.0	0.0	V7	2.0	('A', 'C', 'D', 'F#')	A	C	D	F#	D	2.0	7	(0, 2, 6, 9)	G	G	5	None	False	['A', 'C', 'D', 'F#', 'A', 'C', 'D', 'F#', 'A', 'C', 'D', 'F#', 'A', 'C', 'D', 'F#', 'A', 'C', 'D', 'F#', 'A', 'C', 'D', 'F#', 'A', 'C', 'D', 'F#', 'A', 'C', 'D', 'F#', 'A', 'C', 'D', 'F#', 'A', 'C', 'D', 'F#', 'A', 'C', 'D', 'F#', 'A', 'C', 'D', 'F#', 'A', 'C', 'D', 'F#', 'A', 'C', 'D', 'F#', 'A', 'C', 'D', 'F#', 'A', 'C', 'D', 'F#']	0.0	0.0	0.0	0.0
0.5	2.0	1.0	['A4', 'C5', 'D5', 'F#5']	['m3', 'P4', 'M6']	[False, False, False, False]	1.0	2.0	0.0	V7	3.0	('A', 'C', 'D', 'F#')	A	C	D	F#	D	2.0	7	(0, 2, 6, 9)	G	G	5	None	False	['A', 'C', 'D', 'F#', 'A', 'C', 'D', 'F#', 'A', 'C', 'D', 'F#', 'A', 'C', 'D', 'F#', 'A', 'C', 'D', 'F#', 'A', 'C', 'D', 'F#', 'A', 'C', 'D', 'F#', 'A', 'C', 'D', 'F#', 'A', 'C', 'D', 'F#', 'A', 'C', 'D', 'F#', 'A', 'C', 'D', 'F#', 'A', 'C', 'D', 'F#', 'A', 'C', 'D', 'F#', 'A', 'C', 'D', 'F#', 'A', 'C', 'D', 'F#', 'A', 'C', 'D', 'F#']	0.0	0.0	0.0	0.0
0.625	2.0	1.0	['A4', 'C5', 'D5', 'F#5']	['m3', 'P4', 'M6']	[False, False, False, False]	1.0	2.0	0.0	V7	3.0	('A', 'C', 'D', 'F#')	A	C	D	F#	D	2.0	7	(0, 2, 6, 9)	G	G	5	None	False	['A', 'C', 'D', 'F#', 'A', 'C', 'D', 'F#', 'A', 'C', 'D', 'F#', 'A', 'C', 'D', 'F#', 'A', 'C', 'D', 'F#', 'A', 'C', 'D', 'F#', 'A', 'C', 'D', 'F#', 'A', 'C', 'D', 'F#', 'A', 'C', 'D', 'F#', 'A', 'C', 'D', 'F#', 'A', 'C', 'D', 'F#', 'A', 'C', 'D', 'F#', 'A', 'C', 'D', 'F#', 'A', 'C', 'D', 'F#', 'A', 'C', 'D', 'F#', 'A', 'C', 'D', 'F#']	0.0	0.0	0.0	0.0
0.75	2.0	1.0	['A4', 'C5', 'D5', 'F#5']	['m3', 'P4', 'M6']	[False, False, False, False]	1.0	2.0	0.0	V7	3.0	('A', 'C', 'D', 'F#')	A	C	D	F#	D	2.0	7	(0, 2, 6, 9)	G	G	5	None	False	['A', 'C', 'D', 'F#', 'A', 'C', 'D', 'F#', 'A', 'C', 'D', 'F#', 'A', 'C', 'D', 'F#', 'A', 'C', 'D', 'F#', 'A', 'C', 'D', 'F#', 'A', 'C', 'D', 'F#', 'A', 'C', 'D', 'F#', 'A', 'C', 'D', 'F#', 'A', 'C', 'D', 'F#', 'A', 'C', 'D', 'F#', 'A', 'C', 'D', 'F#', 'A', 'C', 'D', 'F#', 'A', 'C', 'D', 'F#', 'A', 'C', 'D', 'F#', 'A', 'C', 'D', 'F#']	0.0	0.0	0.0	0.0
0.875	2.0	1.0	['A4', 'C5', 'D5', 'F#5']	['m3', 'P4', 'M6']	[False, False, False, False]	1.0	2.0	0.0	V7	3.0	('A', 'C', 'D', 'F#')	A	C	D	F#	D	2.0	7	(0, 2, 6, 9)	G	G	5	None	False	['A', 'C', 'D', 'F#', 'A', 'C', 'D', 'F#', 'A', 'C', 'D', 'F#', 'A', 'C', 'D', 'F#', 'A', 'C', 'D', 'F#', 'A', 'C', 'D', 'F#', 'A', 'C', 'D', 'F#', 'A', 'C', 'D', 'F#', 'A', 'C', 'D', 'F#', 'A', 'C', 'D', 'F#', 'A', 'C', 'D', 'F#', 'A', 'C', 'D', 'F#', 'A', 'C', 'D', 'F#', 'A', 'C', 'D', 'F#', 'A', 'C', 'D', 'F#', 'A', 'C', 'D', 'F#']	0.0	0.0	0.0	0.0
1.0	2.0	1.0	['A4', 'C5', 'D5', 'F#5']	['m3', 'P4', 'M6']	[False, False, False, False]	1.0	2.0	0.0	V7	4.0	('A', 'C', 'D', 'F#')	A	C	D	F#	D	2.0	7	(0, 2, 6, 9)	G	G	5	None	False	['A', 'C', 'D', 'F#', 'A', 'C', 'D', 'F#', 'A', 'C', 'D', 'F#', 'A', 'C', 'D', 'F#', 'A', 'C', 'D', 'F#', 'A', 'C', 'D', 'F#', 'A', 'C', 'D', 'F#', 'A', 'C', 'D', 'F#', 'A', 'C', 'D', 'F#', 'A', 'C', 'D', 'F#', 'A', 'C', 'D', 'F#', 'A', 'C', 'D', 'F#', 'A', 'C', 'D', 'F#', 'A', 'C', 'D', 'F#', 'A', 'C', 'D', 'F#', 'A', 'C', 'D', 'F#']	0.0	0.0	0.0	0.0
1.125	2.0	1.0	['A4', 'C5', 'D5', 'F#5']	['m3', 'P4', 'M6']	[False, False, False, False]	1.0	2.0	0.0	V7	4.0	('A', 'C', 'D', 'F#')	A	C	D	F#	D	2.0	7	(0, 2, 6, 9)	G	G	5	None	False	['A', 'C', 'D', 'F#', 'A', 'C', 'D', 'F#', 'A', 'C', 'D', 'F#', 'A', 'C', 'D', 'F#', 'A', 'C', 'D', 'F#', 'A', 'C', 'D', 'F#', 'A', 'C', 'D', 'F#', 'A', 'C', 'D', 'F#', 'A', 'C', 'D', 'F#', 'A', 'C', 'D', 'F#', 'A', 'C', 'D', 'F#', 'A', 'C', 'D', 'F#', 'A', 'C', 'D', 'F#', 'A', 'C', 'D', 'F#', 'A', 'C', 'D', 'F#', 'A', 'C', 'D', 'F#']	0.0	0.0	0.0	0.0
1.25	2.0	1.0	['A4', 'C5', 'D5', 'F#5']	['m3', 'P4', 'M6']	[False, False, False, False]	1.0	2.0	0.0	V7	4.0	('A', 'C', 'D', 'F#')	A	C	D	F#	D	2.0	7	(0, 2, 6, 9)	G	G	5	None	False	['A', 'C', 'D', 'F#', 'A', 'C', 'D', 'F#', 'A', 'C', 'D', 'F#', 'A', 'C', 'D', 'F#', 'A', 'C', 'D', 'F#', 'A', 'C', 'D', 'F#', 'A', 'C', 'D', 'F#', 'A', 'C', 'D', 'F#', 'A', 'C', 'D', 'F#', 'A', 'C', 'D', 'F#', 'A', 'C', 'D', 'F#', 'A', 'C', 'D', 'F#', 'A', 'C', 'D', 'F#', 'A', 'C', 'D', 'F#', 'A', 'C', 'D', 'F#', 'A', 'C', 'D', 'F#']	0.0	0.0	0.0	0.0
1.375	2.0	1.0	['A4', 'C5', 'D5', 'F#5']	['m3', 'P4', 'M6']	[False, False, False, False]	1.0	2.0	0.0	V7	4.0	('A', 'C', 'D', 'F#')	A	C	D	F#	D	2.0	7	(0, 2, 6, 9)	G	G	5	None	False	['A', 'C', 'D', 'F#', 'A', 'C', 'D', 'F#', 'A', 'C', 'D', 'F#', 'A', 'C', 'D', 'F#', 'A', 'C', 'D', 'F#', 'A', 'C', 'D', 'F#', 'A', 'C', 'D', 'F#', 'A', 'C', 'D', 'F#', 'A', 'C', 'D', 'F#', 'A', 'C', 'D', 'F#', 'A', 'C', 'D', 'F#', 'A', 'C', 'D', 'F#', 'A', 'C', 'D', 'F#', 'A', 'C', 'D', 'F#', 'A', 'C', 'D', 'F#', 'A', 'C', 'D', 'F#']	0.0	0.0	0.0	0.0
1.5	2.0	1.0	['A4', 'C5', 'D5', 'F#5']	['m3', 'P4', 'M6']	[False, False, False, False]	1.0	2.0	0.0	V7	4.0	('A', 'C', 'D', 'F#')	A	C	D	F#	D	2.0	7	(0, 2, 6, 9)	G	G	5	None	False	['A', 'C', 'D', 'F#', 'A', 'C', 'D', 'F#', 'A', 'C', 'D', 'F#', 'A', 'C', 'D', 'F#', 'A', 'C', 'D', 'F#', 'A', 'C', 'D', 'F#', 'A', 'C', 'D', 'F#', 'A', 'C', 'D', 'F#', 'A', 'C', 'D', 'F#', 'A', 'C', 'D', 'F#', 'A', 'C', 'D', 'F#', 'A', 'C', 'D', 'F#', 'A', 'C', 'D', 'F#', 'A', 'C', 'D', 'F#', 'A', 'C', 'D', 'F#', 'A', 'C', 'D', 'F#']	0.0	0.0	0.0	0.0
1.625	2.0	1.0	['A4', 'C5', 'D5', 'F#5']	['m3', 'P4', 'M6']	[False, False, False, False]	1.0	2.0	0.0	V7	4.0	('A', 'C', 'D', 'F#')	A	C	D	F#	D	2.0	7	(0, 2, 6, 9)	G	G	5	None	False	['A', 'C', 'D', 'F#', 'A', 'C', 'D', 'F#', 'A', 'C', 'D', 'F#', 'A', 'C', 'D', 'F#', 'A', 'C', 'D', 'F#', 'A', 'C', 'D', 'F#', 'A', 'C', 'D', 'F#', 'A', 'C', 'D', 'F#', 'A', 'C', 'D', 'F#', 'A', 'C', 'D', 'F#', 'A', 'C', 'D', 'F#', 'A', 'C', 'D', 'F#', 'A', 'C', 'D', 'F#', 'A', 'C', 'D', 'F#', 'A', 'C', 'D', 'F#', 'A', 'C', 'D', 'F#']	0.0	0.0	0.0	0.0
1.75	2.0	1.0	['A4', 'C5', 'D5', 'F#5']	['m3', 'P4', 'M6']	[False, False, False, False]	1.0	2.0	0.0	V7	4.0	('A', 'C', 'D', 'F#')	A	C	D	F#	D	2.0	7	(0, 2, 6, 9)	G	G	5	None	False	['A', 'C', 'D', 'F#', 'A', 'C', 'D', 'F#', 'A', 'C', 'D', 'F#', 'A', 'C', 'D', 'F#', 'A', 'C', 'D', 'F#', 'A', 'C', 'D', 'F#', 'A', 'C', 'D', 'F#', 'A', 'C', 'D', 'F#', 'A', 'C', 'D', 'F#', 'A', 'C', 'D', 'F#', 'A', 'C', 'D', 'F#', 'A', 'C', 'D', 'F#', 'A', 'C', 'D', 'F#', 'A', 'C', 'D', 'F#', 'A', 'C', 'D', 'F#', 'A', 'C', 'D', 'F#']	0.0	0.0	0.0	0.0
1.875	2.0	1.0	['A4', 'C5', 'D5', 'F#5']	['m3', 'P4', 'M6']	[False, False, False, False]	1.0	2.0	0.0	V7	4.0	('A', 'C', 'D', 'F#')	A	C	D	F#	D	2.0	7	(0, 2, 6, 9)	G	G	5	None	False	['A', 'C', 'D', 'F#', 'A', 'C', 'D', 'F#', 'A', 'C', 'D', 'F#', 'A', 'C', 'D', 'F#', 'A', 'C', 'D', 'F#', 'A', 'C', 'D', 'F#', 'A', 'C', 'D', 'F#', 'A', 'C', 'D', 'F#', 'A', 'C', 'D', 'F#', 'A', 'C', 'D', 'F#', 'A', 'C', 'D', 'F#', 'A', 'C', 'D', 'F#', 'A', 'C', 'D', 'F#', 'A', 'C', 'D', 'F#', 'A', 'C', 'D', 'F#', 'A', 'C', 'D', 'F#']	0.0	0.0	0.0	0.0
2.0	2.0	2.0	['B4', 'D5', 'G5']	['m3', 'm6']	[True, True, True]	2.0	2.0	1.0	I	0.0	('B', 'D', 'G')	B	D	G	G	G	1.0	maj	(2, 7, 11)	G	G	1	None	False	['B', 'D', 'G', 'B', 'D', 'G', 'B', 'D', 'G', 'B', 'D', 'G', 'B', 'D', 'G', 'B', 'D', 'G', 'B', 'D', 'G', 'B', 'D', 'G', 'B', 'D', 'G', 'B', 'D', 'G', 'B', 'D', 'G', 'B', 'D', 'G', 'B', 'D', 'G', 'B', 'D', 'G', 'B', 'D', 'G', 'B', 'D', 'G']	0.0	0.0	0.0	0.0
2.125	2.0	2.0	['B4', 'D5', 'G5']	['m3', 'm6']	[False, False, False]	2.0	2.0	1.0	I	1.0	('B', 'D', 'G')	B	D	G	G	G	1.0	maj	(2, 7, 11)	G	G	1	None	False	['B', 'D', 'G', 'B', 'D', 'G', 'B', 'D', 'G', 'B', 'D', 'G', 'B', 'D', 'G', 'B', 'D', 'G', 'B', 'D', 'G', 'B', 'D', 'G', 'B', 'D', 'G', 'B', 'D', 'G', 'B', 'D', 'G', 'B', 'D', 'G', 'B', 'D', 'G', 'B', 'D', 'G', 'B', 'D', 'G', 'B', 'D', 'G']	0.0	0.0	0.0	0.0
2.25	2.0	2.0	['B4', 'D5', 'G5']	['m3', 'm6']	[False, False, False]	2.0	2.0	1.0	I	2.0	('B', 'D', 'G')	B	D	G	G	G	1.0	maj	(2, 7, 11)	G	G	1	None	False	['B', 'D', 'G', 'B', 'D', 'G', 'B', 'D', 'G', 'B', 'D', 'G', 'B', 'D', 'G', 'B', 'D', 'G', 'B', 'D', 'G', 'B', 'D', 'G', 'B', 'D', 'G', 'B', 'D', 'G', 'B', 'D', 'G', 'B', 'D', 'G', 'B', 'D', 'G', 'B', 'D', 'G', 'B', 'D', 'G', 'B', 'D', 'G']	0.0	0.0	0.0	0.0
2.375	2.0	2.0	['B4', 'D5', 'G5']	['m3', 'm6']	[False, False, False]	2.0	2.0	1.0	I	2.0	('B', 'D', 'G')	B	D	G	G	G	1.0	maj	(2, 7, 11)	G	G	1	None	False	['B', 'D', 'G', 'B', 'D', 'G', 'B', 'D', 'G', 'B', 'D', 'G', 'B', 'D', 'G', 'B', 'D', 'G', 'B', 'D', 'G', 'B', 'D', 'G', 'B', 'D', 'G', 'B', 'D', 'G', 'B', 'D', 'G', 'B', 'D', 'G', 'B', 'D', 'G', 'B', 'D', 'G', 'B', 'D', 'G', 'B', 'D', 'G']	0.0	0.0	0.0	0.0
2.5	2.0	2.0	['B4', 'D5', 'G5']	['m3', 'm6']	[False, False, False]	2.0	2.0	1.0	I	3.0	('B', 'D', 'G')	B	D	G	G	G	1.0	maj	(2, 7, 11)	G	G	1	None	False	['B', 'D', 'G', 'B', 'D', 'G', 'B', 'D', 'G', 'B', 'D', 'G', 'B', 'D', 'G', 'B', 'D', 'G', 'B', 'D', 'G', 'B', 'D', 'G', 'B', 'D', 'G', 'B', 'D', 'G', 'B', 'D', 'G', 'B', 'D', 'G', 'B', 'D', 'G', 'B', 'D', 'G', 'B', 'D', 'G', 'B', 'D', 'G']	0.0	0.0	0.0	0.0
2.625	2.0	2.0	['B4', 'D5', 'G5']	['m3', 'm6']	[False, False, False]	2.0	2.0	1.0	I	3.0	('B', 'D', 'G')	B	D	G	G	G	1.0	maj	(2, 7, 11)	G	G	1	None	False	['B', 'D', 'G', 'B', 'D', 'G', 'B', 'D', 'G', 'B', 'D', 'G', 'B', 'D', 'G', 'B', 'D', 'G', 'B', 'D', 'G', 'B', 'D', 'G', 'B', 'D', 'G', 'B', 'D', 'G', 'B', 'D', 'G', 'B', 'D', 'G', 'B', 'D', 'G', 'B', 'D', 'G', 'B', 'D', 'G', 'B', 'D', 'G']	0.0	0.0	0.0	0.0
2.75	2.0	2.0	['B4', 'D5', 'G5']	['m3', 'm6']	[False, False, False]	2.0	2.0	1.0	I	3.0	('B', 'D', 'G')	B	D	G	G	G	1.0	maj	(2, 7, 11)	G	G	1	None	False	['B', 'D', 'G', 'B', 'D', 'G', 'B', 'D', 'G', 'B', 'D', 'G', 'B', 'D', 'G', 'B', 'D', 'G', 'B', 'D', 'G', 'B', 'D', 'G', 'B', 'D', 'G', 'B', 'D', 'G', 'B', 'D', 'G', 'B', 'D', 'G', 'B', 'D', 'G', 'B', 'D', 'G', 'B', 'D', 'G', 'B', 'D', 'G']	0.0	0.0	0.0	0.0
2.875	2.0	2.0	['B4', 'D5', 'G5']	['m3', 'm6']	[False, False, False]	2.0	2.0	1.0	I	3.0	('B', 'D', 'G')	B	D	G	G	G	1.0	maj	(2, 7, 11)	G	G	1	None	False	['B', 'D', 'G', 'B', 'D', 'G', 'B', 'D', 'G', 'B', 'D', 'G', 'B', 'D', 'G', 'B', 'D', 'G', 'B', 'D', 'G', 'B', 'D', 'G', 'B', 'D', 'G', 'B', 'D', 'G', 'B', 'D', 'G', 'B', 'D', 'G', 'B', 'D', 'G', 'B', 'D', 'G', 'B', 'D', 'G', 'B', 'D', 'G']	0.0	0.0	0.0	0.0
3.0	2.0	2.0	['B4', 'D5', 'G5']	['m3', 'm6']	[False, False, False]	2.0	2.0	1.0	I	4.0	('B', 'D', 'G')	B	D	G	G	G	1.0	maj	(2, 7, 11)	G	G	1	None	False	['B', 'D', 'G', 'B', 'D', 'G', 'B', 'D', 'G', 'B', 'D', 'G', 'B', 'D', 'G', 'B', 'D', 'G', 'B', 'D', 'G', 'B', 'D', 'G', 'B', 'D', 'G', 'B', 'D', 'G', 'B', 'D', 'G', 'B', 'D', 'G', 'B', 'D', 'G', 'B', 'D', 'G', 'B', 'D', 'G', 'B', 'D', 'G']	0.0	0.0	0.0	0.0
3.125	2.0	2.0	['B4', 'D5', 'G5']	['m3', 'm6']	[False, False, False]	2.0	2.0	1.0	I	4.0	('B', 'D', 'G')	B	D	G	G	G	1.0	maj	(2, 7, 11)	G	G	1	None	False	['B', 'D', 'G', 'B', 'D', 'G', 'B', 'D', 'G', 'B', 'D', 'G', 'B', 'D', 'G', 'B', 'D', 'G', 'B', 'D', 'G', 'B', 'D', 'G', 'B', 'D', 'G', 'B', 'D', 'G', 'B', 'D', 'G', 'B', 'D', 'G', 'B', 'D', 'G', 'B', 'D', 'G', 'B', 'D', 'G', 'B', 'D', 'G']	0.0	0.0	0.0	0.0
3.25	2.0	2.0	['B4', 'D5', 'G5']	['m3', 'm6']	[False, False, False]	2.0	2.0	1.0	I	4.0	('B', 'D', 'G')	B	D	G	G	G	1.0	maj	(2, 7, 11)	G	G	1	None	False	['B', 'D', 'G', 'B', 'D', 'G', 'B', 'D', 'G', 'B', 'D', 'G', 'B', 'D', 'G', 'B', 'D', 'G', 'B', 'D', 'G', 'B', 'D', 'G', 'B', 'D', 'G', 'B', 'D', 'G', 'B', 'D', 'G', 'B', 'D', 'G', 'B', 'D', 'G', 'B', 'D', 'G', 'B', 'D', 'G', 'B', 'D', 'G']	0.0	0.0	0.0	0.0
3.375	2.0	2.0	['B4', 'D5', 'G5']	['m3', 'm6']	[False, False, False]	2.0	2.0	1.0	I	4.0	('B', 'D', 'G')	B	D	G	G	G	1.0	maj	(2, 7, 11)	G	G	1	None	False	['B', 'D', 'G', 'B', 'D', 'G', 'B', 'D', 'G', 'B', 'D', 'G', 'B', 'D', 'G', 'B', 'D', 'G', 'B', 'D', 'G', 'B', 'D', 'G', 'B', 'D', 'G', 'B', 'D', 'G', 'B', 'D', 'G', 'B', 'D', 'G', 'B', 'D', 'G', 'B', 'D', 'G', 'B', 'D', 'G', 'B', 'D', 'G']	0.0	0.0	0.0	0.0
3.5	2.0	2.0	['B4', 'D5', 'G5']	['m3', 'm6']	[False, False, False]	2.0	2.0	1.0	I	4.0	('B', 'D', 'G')	B	D	G	G	G	1.0	maj	(2, 7, 11)	G	G	1	None	False	['B', 'D', 'G', 'B', 'D', 'G', 'B', 'D', 'G', 'B', 'D', 'G', 'B', 'D', 'G', 'B', 'D', 'G', 'B', 'D', 'G', 'B', 'D', 'G', 'B', 'D', 'G', 'B', 'D', 'G', 'B', 'D', 'G', 'B', 'D', 'G', 'B', 'D', 'G', 'B', 'D', 'G', 'B', 'D', 'G', 'B', 'D', 'G']	0.0	0.0	0.0	0.0
3.625	2.0	2.0	['B4', 'D5', 'G5']	['m3', 'm6']	[False, False, False]	2.0	2.0	1.0	I	4.0	('B', 'D', 'G')	B	D	G	G	G	1.0	maj	(2, 7, 11)	G	G	1	None	False	['B', 'D', 'G', 'B', 'D', 'G', 'B', 'D', 'G', 'B', 'D', 'G', 'B', 'D', 'G', 'B', 'D', 'G', 'B', 'D', 'G', 'B', 'D', 'G', 'B', 'D', 'G', 'B', 'D', 'G', 'B', 'D', 'G', 'B', 'D', 'G', 'B', 'D', 'G', 'B', 'D', 'G', 'B', 'D', 'G', 'B', 'D', 'G']	0.0	0.0	0.0	0.0
3.75	2.0	2.0	['B4', 'D5', 'G5']	['m3', 'm6']	[False, False, False]	2.0	2.0	1.0	I	4.0	('B', 'D', 'G')	B	D	G	G	G	1.0	maj	(2, 7, 11)	G	G	1	None	False	['B', 'D', 'G', 'B', 'D', 'G', 'B', 'D', 'G', 'B', 'D', 'G', 'B', 'D', 'G', 'B', 'D', 'G', 'B', 'D', 'G', 'B', 'D', 'G', 'B', 'D', 'G', 'B', 'D', 'G', 'B', 'D', 'G', 'B', 'D', 'G', 'B', 'D', 'G', 'B', 'D', 'G', 'B', 'D', 'G', 'B', 'D', 'G']	0.0	0.0	0.0	0.0
3.875	2.0	2.0	['B4', 'D5', 'G5']	['m3', 'm6']	[False, False, False]	2.0	2.0	1.0	I	4.0	('B', 'D', 'G')	B	D	G	G	G	1.0	maj	(2, 7, 11)	G	G	1	None	False	['B', 'D', 'G', 'B', 'D', 'G', 'B', 'D', 'G', 'B', 'D', 'G', 'B', 'D', 'G', 'B', 'D', 'G', 'B', 'D', 'G', 'B', 'D', 'G', 'B', 'D', 'G', 'B', 'D', 'G', 'B', 'D', 'G', 'B', 'D', 'G', 'B', 'D', 'G', 'B', 'D', 'G', 'B', 'D', 'G', 'B', 'D', 'G']	0.0	0.0	0.0	0.0
4.0	2.0	3.0	['B4', 'D5', 'G5']	['m3', 'm6']	[False, False, False]	3.0	2.0	2.0	I	0.0	('B', 'D', 'G')	B	D	G	G	G	1.0	maj	(2, 7, 11)	G	G	1	None	False	['B', 'D', 'G', 'B', 'D', 'G', 'B', 'D', 'G', 'B', 'D', 'G', 'B', 'D', 'G', 'B', 'D', 'G', 'B', 'D', 'G', 'B', 'D', 'G', 'B', 'D', 'G', 'B', 'D', 'G', 'B', 'D', 'G', 'B', 'D', 'G', 'B', 'D', 'G', 'B', 'D', 'G', 'B', 'D', 'G', 'B', 'D', 'G']	0.0	0.0	0.0	0.0
4.125	2.0	3.0	['B4', 'D5', 'G5']	['m3', 'm6']	[False, False, False]	3.0	2.0	2.0	I	1.0	('B', 'D', 'G')	B	D	G	G	G	1.0	maj	(2, 7, 11)	G	G	1	None	False	['B', 'D', 'G', 'B', 'D', 'G', 'B', 'D', 'G', 'B', 'D', 'G', 'B', 'D', 'G', 'B', 'D', 'G', 'B', 'D', 'G', 'B', 'D', 'G', 'B', 'D', 'G', 'B', 'D', 'G', 'B', 'D', 'G', 'B', 'D', 'G', 'B', 'D', 'G', 'B', 'D', 'G', 'B', 'D', 'G', 'B', 'D', 'G']	0.0	0.0	0.0	0.0
4.25	2.0	3.0	['B4', 'D5', 'G5']	['m3', 'm6']	[False, False, False]	3.0	2.0	2.0	I	2.0	('B', 'D', 'G')	B	D	G	G	G	1.0	maj	(2, 7, 11)	G	G	1	None	False	['B', 'D', 'G', 'B', 'D', 'G', 'B', 'D', 'G', 'B', 'D', 'G', 'B', 'D', 'G', 'B', 'D', 'G', 'B', 'D', 'G', 'B', 'D', 'G', 'B', 'D', 'G', 'B', 'D', 'G', 'B', 'D', 'G', 'B', 'D', 'G', 'B', 'D', 'G', 'B', 'D', 'G', 'B', 'D', 'G', 'B', 'D', 'G']	0.0	0.0	0.0	0.0
4.375	2.0	3.0	['B4', 'D5', 'G5']	['m3', 'm6']	[False, False, False]	3.0	2.0	2.0	I	2.0	('B', 'D', 'G')	B	D	G	G	G	1.0	maj	(2, 7, 11)	G	G	1	None	False	['B', 'D', 'G', 'B', 'D', 'G', 'B', 'D', 'G', 'B', 'D', 'G', 'B', 'D', 'G', 'B', 'D', 'G', 'B', 'D', 'G', 'B', 'D', 'G', 'B', 'D', 'G', 'B', 'D', 'G', 'B', 'D', 'G', 'B', 'D', 'G', 'B', 'D', 'G', 'B', 'D', 'G', 'B', 'D', 'G', 'B', 'D', 'G']	0.0	0.0	0.0	0.0
4.5	2.0	3.0	['B4', 'D5', 'G5']	['m3', 'm6']	[False, False, False]	3.0	2.0	2.0	I	3.0	('B', 'D', 'G')	B	D	G	G	G	1.0	maj	(2, 7, 11)	G	G	1	None	False	['B', 'D', 'G', 'B', 'D', 'G', 'B', 'D', 'G', 'B', 'D', 'G', 'B', 'D', 'G', 'B', 'D', 'G', 'B', 'D', 'G', 'B', 'D', 'G', 'B', 'D', 'G', 'B', 'D', 'G', 'B', 'D', 'G', 'B', 'D', 'G', 'B', 'D', 'G', 'B', 'D', 'G', 'B', 'D', 'G', 'B', 'D', 'G']	0.0	0.0	0.0	0.0
4.625	2.0	3.0	['B4', 'D5', 'G5']	['m3', 'm6']	[False, False, False]	3.0	2.0	2.0	I	3.0	('B', 'D', 'G')	B	D	G	G	G	1.0	maj	(2, 7, 11)	G	G	1	None	False	['B', 'D', 'G', 'B', 'D', 'G', 'B', 'D', 'G', 'B', 'D', 'G', 'B', 'D', 'G', 'B', 'D', 'G', 'B', 'D', 'G', 'B', 'D', 'G', 'B', 'D', 'G', 'B', 'D', 'G', 'B', 'D', 'G', 'B', 'D', 'G', 'B', 'D', 'G', 'B', 'D', 'G', 'B', 'D', 'G', 'B', 'D', 'G']	0.0	0.0	0.0	0.0
4.75	2.0	3.0	['B4', 'D5', 'G5']	['m3', 'm6']	[False, False, False]	3.0	2.0	2.0	I	3.0	('B', 'D', 'G')	B	D	G	G	G	1.0	maj	(2, 7, 11)	G	G	1	None	False	['B', 'D', 'G', 'B', 'D', 'G', 'B', 'D', 'G', 'B', 'D', 'G', 'B', 'D', 'G', 'B', 'D', 'G', 'B', 'D', 'G', 'B', 'D', 'G', 'B', 'D', 'G', 'B', 'D', 'G', 'B', 'D', 'G', 'B', 'D', 'G', 'B', 'D', 'G', 'B', 'D', 'G', 'B', 'D', 'G', 'B', 'D', 'G']	0.0	0.0	0.0	0.0
4.875	2.0	3.0	['B4', 'D5', 'G5']	['m3', 'm6']	[False, False, False]	3.0	2.0	2.0	I	3.0	('B', 'D', 'G')	B	D	G	G	G	1.0	maj	(2, 7, 11)	G	G	1	None	False	['B', 'D', 'G', 'B', 'D', 'G', 'B', 'D', 'G', 'B', 'D', 'G', 'B', 'D', 'G', 'B', 'D', 'G', 'B', 'D', 'G', 'B', 'D', 'G', 'B', 'D', 'G', 'B', 'D', 'G', 'B', 'D', 'G', 'B', 'D', 'G', 'B', 'D', 'G', 'B', 'D', 'G', 'B', 'D', 'G', 'B', 'D', 'G']	0.0	0.0	0.0	0.0
5.0	2.0	3.0	['B4', 'D5', 'G5']	['m3', 'm6']	[False, False, False]	3.0	2.0	2.0	I	4.0	('B', 'D', 'G')	B	D	G	G	G	1.0	maj	(2, 7, 11)	G	G	1	None	False	['B', 'D', 'G', 'B', 'D', 'G', 'B', 'D', 'G', 'B', 'D', 'G', 'B', 'D', 'G', 'B', 'D', 'G', 'B', 'D', 'G', 'B', 'D', 'G', 'B', 'D', 'G', 'B', 'D', 'G', 'B', 'D', 'G', 'B', 'D', 'G', 'B', 'D', 'G', 'B', 'D', 'G', 'B', 'D', 'G', 'B', 'D', 'G']	0.0	0.0	0.0	0.0
5.125	2.0	3.0	['B4', 'D5', 'G5']	['m3', 'm6']	[False, False, False]	3.0	2.0	2.0	I	4.0	('B', 'D', 'G')	B	D	G	G	G	1.0	maj	(2, 7, 11)	G	G	1	None	False	['B', 'D', 'G', 'B', 'D', 'G', 'B', 'D', 'G', 'B', 'D', 'G', 'B', 'D', 'G', 'B', 'D', 'G', 'B', 'D', 'G', 'B', 'D', 'G', 'B', 'D', 'G', 'B', 'D', 'G', 'B', 'D', 'G', 'B', 'D', 'G', 'B', 'D', 'G', 'B', 'D', 'G', 'B', 'D', 'G', 'B', 'D', 'G']	0.0	0.0	0.0	0.0
5.25	2.0	3.0	['B4', 'D5', 'G5']	['m3', 'm6']	[False, False, False]	3.0	2.0	2.0	I	4.0	('B', 'D', 'G')	B	D	G	G	G	1.0	maj	(2, 7, 11)	G	G	1	None	False	['B', 'D', 'G', 'B', 'D', 'G', 'B', 'D', 'G', 'B', 'D', 'G', 'B', 'D', 'G', 'B', 'D', 'G', 'B', 'D', 'G', 'B', 'D', 'G', 'B', 'D', 'G', 'B', 'D', 'G', 'B', 'D', 'G', 'B', 'D', 'G', 'B', 'D', 'G', 'B', 'D', 'G', 'B', 'D', 'G', 'B', 'D', 'G']	0.0	0.0	0.0	0.0
5.375	2.0	3.0	['B4', 'D5', 'G5']	['m3', 'm6']	[False, False, False]	3.0	2.0	2.0	I	4.0	('B', 'D', 'G')	B	D	G	G	G	1.0	maj	(2, 7, 11)	G	G	1	None	False	['B', 'D', 'G', 'B', 'D', 'G', 'B', 'D', 'G', 'B', 'D', 'G', 'B', 'D', 'G', 'B', 'D', 'G', 'B', 'D', 'G', 'B', 'D', 'G', 'B', 'D', 'G', 'B', 'D', 'G', 'B', 'D', 'G', 'B', 'D', 'G', 'B', 'D', 'G', 'B', 'D', 'G', 'B', 'D', 'G', 'B', 'D', 'G']	0.0	0.0	0.0	0.0
5.5	2.0	3.0	['B4', 'D5', 'G5']	['m3', 'm6']	[False, False, False]	3.0	2.0	2.0	I	4.0	('B', 'D', 'G')	B	D	G	G	G	1.0	maj	(2, 7, 11)	G	G	1	None	False	['B', 'D', 'G', 'B', 'D', 'G', 'B', 'D', 'G', 'B', 'D', 'G', 'B', 'D', 'G', 'B', 'D', 'G', 'B', 'D', 'G', 'B', 'D', 'G', 'B', 'D', 'G', 'B', 'D', 'G', 'B', 'D', 'G', 'B', 'D', 'G', 'B', 'D', 'G', 'B', 'D', 'G', 'B', 'D', 'G', 'B', 'D', 'G']	0.0	0.0	0.0	0.0
5.625	2.0	3.0	['B4', 'D5', 'G5']	['m3', 'm6']	[False, False, False]	3.0	2.0	2.0	I	4.0	('B', 'D', 'G')	B	D	G	G	G	1.0	maj	(2, 7, 11)	G	G	1	None	False	['B', 'D', 'G', 'B', 'D', 'G', 'B', 'D', 'G', 'B', 'D', 'G', 'B', 'D', 'G', 'B', 'D', 'G', 'B', 'D', 'G', 'B', 'D', 'G', 'B', 'D', 'G', 'B', 'D', 'G', 'B', 'D', 'G', 'B', 'D', 'G', 'B', 'D', 'G', 'B', 'D', 'G', 'B', 'D', 'G', 'B', 'D', 'G']	0.0	0.0	0.0	0.0
5.75	2.0	3.0	['B4', 'D5', 'G5']	['m3', 'm6']	[False, False, False]	3.0	2.0	2.0	I	4.0	('B', 'D', 'G')	B	D	G	G	G	1.0	maj	(2, 7, 11)	G	G	1	None	False	['B', 'D', 'G', 'B', 'D', 'G', 'B', 'D', 'G', 'B', 'D', 'G', 'B', 'D', 'G', 'B', 'D', 'G', 'B', 'D', 'G', 'B', 'D', 'G', 'B', 'D', 'G', 'B', 'D', 'G', 'B', 'D', 'G', 'B', 'D', 'G', 'B', 'D', 'G', 'B', 'D', 'G', 'B', 'D', 'G', 'B', 'D', 'G']	0.0	0.0	0.0	0.0
5.875	2.0	3.0	['B4', 'D5', 'G5']	['m3', 'm6']	[False, False, False]	3.0	2.0	2.0	I	4.0	('B', 'D', 'G')	B	D	G	G	G	1.0	maj	(2, 7, 11)	G	G	1	None	False	['B', 'D', 'G', 'B', 'D', 'G', 'B', 'D', 'G', 'B', 'D', 'G', 'B', 'D', 'G', 'B', 'D', 'G', 'B', 'D', 'G', 'B', 'D', 'G', 'B', 'D', 'G', 'B', 'D', 'G', 'B', 'D', 'G', 'B', 'D', 'G', 'B', 'D', 'G', 'B', 'D', 'G', 'B', 'D', 'G', 'B', 'D', 'G']	0.0	0.0	0.0	0.0
6.0	1.0	4.0	['C5', 'E5', 'A5']	['M3', 'M6']	[True, True, True]	4.0	1.0	3.0	ii	0.0	('C', 'E', 'A')	C	E	A	A	A	1.0	min	(0, 4, 9)	G	G	2	None	False	['C', 'E', 'A', 'C', 'E', 'A', 'C', 'E', 'A', 'C', 'E', 'A', 'C', 'E', 'A', 'C', 'E', 'A', 'C', 'E', 'A', 'C', 'E', 'A']	0.0	0.0	0.0	0.0
6.125	1.0	4.0	['C5', 'E5', 'A5']	['M3', 'M6']	[False, False, False]	4.0	1.0	3.0	ii	1.0	('C', 'E', 'A')	C	E	A	A	A	1.0	min	(0, 4, 9)	G	G	2	None	False	['C', 'E', 'A', 'C', 'E', 'A', 'C', 'E', 'A', 'C', 'E', 'A', 'C', 'E', 'A', 'C', 'E', 'A', 'C', 'E', 'A', 'C', 'E', 'A']	0.0	0.0	0.0	0.0
6.25	1.0	4.0	['C5', 'E5', 'A5']	['M3', 'M6']	[False, False, False]	4.0	1.0	3.0	ii	2.0	('C', 'E', 'A')	C	E	A	A	A	1.0	min	(0, 4, 9)	G	G	2	None	False	['C', 'E', 'A', 'C', 'E', 'A', 'C', 'E', 'A', 'C', 'E', 'A', 'C', 'E', 'A', 'C', 'E', 'A', 'C', 'E', 'A', 'C', 'E', 'A']	0.0	0.0	0.0	0.0
6.375	1.0	4.0	['C5', 'E5', 'A5']	['M3', 'M6']	[False, False, False]	4.0	1.0	3.0	ii	2.0	('C', 'E', 'A')	C	E	A	A	A	1.0	min	(0, 4, 9)	G	G	2	None	False	['C', 'E', 'A', 'C', 'E', 'A', 'C', 'E', 'A', 'C', 'E', 'A', 'C', 'E', 'A', 'C', 'E', 'A', 'C', 'E', 'A', 'C', 'E', 'A']	0.0	0.0	0.0	0.0
6.5	1.0	4.0	['C5', 'E5', 'A5']	['M3', 'M6']	[False, False, False]	4.0	1.0	3.0	ii	3.0	('C', 'E', 'A')	C	E	A	A	A	1.0	min	(0, 4, 9)	G	G	2	None	False	['C', 'E', 'A', 'C', 'E', 'A', 'C', 'E', 'A', 'C', 'E', 'A', 'C', 'E', 'A', 'C', 'E', 'A', 'C', 'E', 'A', 'C', 'E', 'A']	0.0	0.0	0.0	0.0
6.625	1.0	4.0	['C5', 'E5', 'A5']	['M3', 'M6']	[False, False, False]	4.0	1.0	3.0	ii	3.0	('C', 'E', 'A')	C	E	A	A	A	1.0	min	(0, 4, 9)	G	G	2	None	False	['C', 'E', 'A', 'C', 'E', 'A', 'C', 'E', 'A', 'C', 'E', 'A', 'C', 'E', 'A', 'C', 'E', 'A', 'C', 'E', 'A', 'C', 'E', 'A']	0.0	0.0	0.0	0.0
6.75	1.0	4.0	['C5', 'E5', 'A5']	['M3', 'M6']	[False, False, False]	4.0	1.0	3.0	ii	3.0	('C', 'E', 'A')	C	E	A	A	A	1.0	min	(0, 4, 9)	G	G	2	None	False	['C', 'E', 'A', 'C', 'E', 'A', 'C', 'E', 'A', 'C', 'E', 'A', 'C', 'E', 'A', 'C', 'E', 'A', 'C', 'E', 'A', 'C', 'E', 'A']	0.0	0.0	0.0	0.0
6.875	1.0	4.0	['C5', 'E5', 'A5']	['M3', 'M6']	[False, False, False]	4.0	1.0	3.0	ii	3.0	('C', 'E', 'A')	C	E	A	A	A	1.0	min	(0, 4, 9)	G	G	2	None	False	['C', 'E', 'A', 'C', 'E', 'A', 'C', 'E', 'A', 'C', 'E', 'A', 'C', 'E', 'A', 'C', 'E', 'A', 'C', 'E', 'A', 'C', 'E', 'A']	0.0	0.0	0.0	0.0
7.0	1.0	4.0	['C#5', 'E5', 'G5', 'A5']	['m3', 'd5', 'm6']	[True, True, True, True]	4.0	1.0	4.0	V7	0.0	('C#', 'E', 'G', 'A')	C#	E	G	A	A	1.0	7	(1, 4, 7, 9)	D	D	5	None	False	['C#', 'E', 'G', 'A', 'C#', 'E', 'G', 'A', 'C#', 'E', 'G', 'A', 'C#', 'E', 'G', 'A', 'C#', 'E', 'G', 'A', 'C#', 'E', 'G', 'A', 'C#', 'E', 'G', 'A', 'C#', 'E', 'G', 'A']	0.0	0.0	0.0	0.0
7.125	1.0	4.0	['C#5', 'E5', 'G5', 'A5']	['m3', 'd5', 'm6']	[False, False, False, False]	4.0	1.0	4.0	V7	1.0	('C#', 'E', 'G', 'A')	C#	E	G	A	A	1.0	7	(1, 4, 7, 9)	D	D	5	None	False	['C#', 'E', 'G', 'A', 'C#', 'E', 'G', 'A', 'C#', 'E', 'G', 'A', 'C#', 'E', 'G', 'A', 'C#', 'E', 'G', 'A', 'C#', 'E', 'G', 'A', 'C#', 'E', 'G', 'A', 'C#', 'E', 'G', 'A']	0.0	0.0	0.0	0.0
7.25	1.0	4.0	['C#5', 'E5', 'G5', 'A5']	['m3', 'd5', 'm6']	[False, False, False, False]	4.0	1.0	4.0	V7	2.0	('C#', 'E', 'G', 'A')	C#	E	G	A	A	1.0	7	(1, 4, 7, 9)	D	D	5	None	False	['C#', 'E', 'G', 'A', 'C#', 'E', 'G', 'A', 'C#', 'E', 'G', 'A', 'C#', 'E', 'G', 'A', 'C#', 'E', 'G', 'A', 'C#', 'E', 'G', 'A', 'C#', 'E', 'G', 'A', 'C#', 'E', 'G', 'A']	0.0	0.0	0.0	0.0
7.375	1.0	4.0	['C#5', 'E5', 'G5', 'A5']	['m3', 'd5', 'm6']	[False, False, False, False]	4.0	1.0	4.0	V7	2.0	('C#', 'E', 'G', 'A')	C#	E	G	A	A	1.0	7	(1, 4, 7, 9)	D	D	5	None	False	['C#', 'E', 'G', 'A', 'C#', 'E', 'G', 'A', 'C#', 'E', 'G', 'A', 'C#', 'E', 'G', 'A', 'C#', 'E', 'G', 'A', 'C#', 'E', 'G', 'A', 'C#', 'E', 'G', 'A', 'C#', 'E', 'G', 'A']	0.0	0.0	0.0	0.0
7.5	1.0	4.0	['C#5', 'E5', 'G5', 'A5']	['m3', 'd5', 'm6']	[False, False, False, False]	4.0	1.0	4.0	V7	3.0	('C#', 'E', 'G', 'A')	C#	E	G	A	A	1.0	7	(1, 4, 7, 9)	D	D	5	None	False	['C#', 'E', 'G', 'A', 'C#', 'E', 'G', 'A', 'C#', 'E', 'G', 'A', 'C#', 'E', 'G', 'A', 'C#', 'E', 'G', 'A', 'C#', 'E', 'G', 'A', 'C#', 'E', 'G', 'A', 'C#', 'E', 'G', 'A']	0.0	0.0	0.0	0.0
7.625	1.0	4.0	['C#5', 'E5', 'G5', 'A5']	['m3', 'd5', 'm6']	[False, False, False, False]	4.0	1.0	4.0	V7	3.0	('C#', 'E', 'G', 'A')	C#	E	G	A	A	1.0	7	(1, 4, 7, 9)	D	D	5	None	False	['C#', 'E', 'G', 'A', 'C#', 'E', 'G', 'A', 'C#', 'E', 'G', 'A', 'C#', 'E', 'G', 'A', 'C#', 'E', 'G', 'A', 'C#', 'E', 'G', 'A', 'C#', 'E', 'G', 'A', 'C#', 'E', 'G', 'A']	0.0	0.0	0.0	0.0
7.75	1.0	4.0	['C#5', 'E5', 'G5', 'A5']	['m3', 'd5', 'm6']	[False, False, False, False]	4.0	1.0	4.0	V7	3.0	('C#', 'E', 'G', 'A')	C#	E	G	A	A	1.0	7	(1, 4, 7, 9)	D	D	5	None	False	['C#', 'E', 'G', 'A', 'C#', 'E', 'G', 'A', 'C#', 'E', 'G', 'A', 'C#', 'E', 'G', 'A', 'C#', 'E', 'G', 'A', 'C#', 'E', 'G', 'A', 'C#', 'E', 'G', 'A', 'C#', 'E', 'G', 'A']	0.0	0.0	0.0	0.0
7.875	1.0	4.0	['C#5', 'E5', 'G5', 'A5']	['m3', 'd5', 'm6']	[False, False, False, False]	4.0	1.0	4.0	V7	3.0	('C#', 'E', 'G', 'A')	C#	E	G	A	A	1.0	7	(1, 4, 7, 9)	D	D	5	None	False	['C#', 'E', 'G', 'A', 'C#', 'E', 'G', 'A', 'C#', 'E', 'G', 'A', 'C#', 'E', 'G', 'A', 'C#', 'E', 'G', 'A', 'C#', 'E', 'G', 'A', 'C#', 'E', 'G', 'A', 'C#', 'E', 'G', 'A']	0.0	0.0	0.0	0.0
8.0	2.0	5.0	['D4', 'F#4', 'A4']	['M3', 'P5']	[True, True, True]	5.0	2.0	5.0	I	0.0	('D', 'F#', 'A')	D	F#	A	D	D	0.0	maj	(2, 6, 9)	D	D	1	None	False	['D', 'F#', 'A', 'D', 'F#', 'A', 'D', 'F#', 'A', 'D', 'F#', 'A', 'D', 'F#', 'A', 'D', 'F#', 'A', 'D', 'F#', 'A', 'D', 'F#', 'A', 'D', 'F#', 'A', 'D', 'F#', 'A', 'D', 'F#', 'A', 'D', 'F#', 'A', 'D', 'F#', 'A', 'D', 'F#', 'A', 'D', 'F#', 'A', 'D', 'F#', 'A']	0.0	0.0	0.0	0.0
8.125	2.0	5.0	['D4', 'F#4', 'A4']	['M3', 'P5']	[False, False, False]	5.0	2.0	5.0	I	1.0	('D', 'F#', 'A')	D	F#	A	D	D	0.0	maj	(2, 6, 9)	D	D	1	None	False	['D', 'F#', 'A', 'D', 'F#', 'A', 'D', 'F#', 'A', 'D', 'F#', 'A', 'D', 'F#', 'A', 'D', 'F#', 'A', 'D', 'F#', 'A', 'D', 'F#', 'A', 'D', 'F#', 'A', 'D', 'F#', 'A', 'D', 'F#', 'A', 'D', 'F#', 'A', 'D', 'F#', 'A', 'D', 'F#', 'A', 'D', 'F#', 'A', 'D', 'F#', 'A']	0.0	0.0	0.0	0.0
8.25	2.0	5.0	['D4', 'F#4', 'A4']	['M3', 'P5']	[False, False, False]	5.0	2.0	5.0	I	2.0	('D', 'F#', 'A')	D	F#	A	D	D	0.0	maj	(2, 6, 9)	D	D	1	None	False	['D', 'F#', 'A', 'D', 'F#', 'A', 'D', 'F#', 'A', 'D', 'F#', 'A', 'D', 'F#', 'A', 'D', 'F#', 'A', 'D', 'F#', 'A', 'D', 'F#', 'A', 'D', 'F#', 'A', 'D', 'F#', 'A', 'D', 'F#', 'A', 'D', 'F#', 'A', 'D', 'F#', 'A', 'D', 'F#', 'A', 'D', 'F#', 'A', 'D', 'F#', 'A']	0.0	0.0	0.0	0.0
8.375	2.0	5.0	['D4', 'F#4', 'A4']	['M3', 'P5']	[False, False, False]	5.0	2.0	5.0	I	2.0	('D', 'F#', 'A')	D	F#	A	D	D	0.0	maj	(2, 6, 9)	D	D	1	None	False	['D', 'F#', 'A', 'D', 'F#', 'A', 'D', 'F#', 'A', 'D', 'F#', 'A', 'D', 'F#', 'A', 'D', 'F#', 'A', 'D', 'F#', 'A', 'D', 'F#', 'A', 'D', 'F#', 'A', 'D', 'F#', 'A', 'D', 'F#', 'A', 'D', 'F#', 'A', 'D', 'F#', 'A', 'D', 'F#', 'A', 'D', 'F#', 'A', 'D', 'F#', 'A']	0.0	0.0	0.0	0.0
8.5	2.0	5.0	['D4', 'F#4', 'A4']	['M3', 'P5']	[False, False, False]	5.0	2.0	5.0	I	3.0	('D', 'F#', 'A')	D	F#	A	D	D	0.0	maj	(2, 6, 9)	D	D	1	None	False	['D', 'F#', 'A', 'D', 'F#', 'A', 'D', 'F#', 'A', 'D', 'F#', 'A', 'D', 'F#', 'A', 'D', 'F#', 'A', 'D', 'F#', 'A', 'D', 'F#', 'A', 'D', 'F#', 'A', 'D', 'F#', 'A', 'D', 'F#', 'A', 'D', 'F#', 'A', 'D', 'F#', 'A', 'D', 'F#', 'A', 'D', 'F#', 'A', 'D', 'F#', 'A']	0.0	0.0	0.0	0.0
8.625	2.0	5.0	['D4', 'F#4', 'A4']	['M3', 'P5']	[False, False, False]	5.0	2.0	5.0	I	3.0	('D', 'F#', 'A')	D	F#	A	D	D	0.0	maj	(2, 6, 9)	D	D	1	None	False	['D', 'F#', 'A', 'D', 'F#', 'A', 'D', 'F#', 'A', 'D', 'F#', 'A', 'D', 'F#', 'A', 'D', 'F#', 'A', 'D', 'F#', 'A', 'D', 'F#', 'A', 'D', 'F#', 'A', 'D', 'F#', 'A', 'D', 'F#', 'A', 'D', 'F#', 'A', 'D', 'F#', 'A', 'D', 'F#', 'A', 'D', 'F#', 'A', 'D', 'F#', 'A']	0.0	0.0	0.0	0.0
8.75	2.0	5.0	['D4', 'F#4', 'A4']	['M3', 'P5']	[False, False, False]	5.0	2.0	5.0	I	3.0	('D', 'F#', 'A')	D	F#	A	D	D	0.0	maj	(2, 6, 9)	D	D	1	None	False	['D', 'F#', 'A', 'D', 'F#', 'A', 'D', 'F#', 'A', 'D', 'F#', 'A', 'D', 'F#', 'A', 'D', 'F#', 'A', 'D', 'F#', 'A', 'D', 'F#', 'A', 'D', 'F#', 'A', 'D', 'F#', 'A', 'D', 'F#', 'A', 'D', 'F#', 'A', 'D', 'F#', 'A', 'D', 'F#', 'A', 'D', 'F#', 'A', 'D', 'F#', 'A']	0.0	0.0	0.0	0.0
8.875	2.0	5.0	['D4', 'F#4', 'A4']	['M3', 'P5']	[False, False, False]	5.0	2.0	5.0	I	3.0	('D', 'F#', 'A')	D	F#	A	D	D	0.0	maj	(2, 6, 9)	D	D	1	None	False	['D', 'F#', 'A', 'D', 'F#', 'A', 'D', 'F#', 'A', 'D', 'F#', 'A', 'D', 'F#', 'A', 'D', 'F#', 'A', 'D', 'F#', 'A', 'D', 'F#', 'A', 'D', 'F#', 'A', 'D', 'F#', 'A', 'D', 'F#', 'A', 'D', 'F#', 'A', 'D', 'F#', 'A', 'D', 'F#', 'A', 'D', 'F#', 'A', 'D', 'F#', 'A']	0.0	0.0	0.0	0.0
9.0	2.0	5.0	['D4', 'F#4', 'A4']	['M3', 'P5']	[False, False, False]	5.0	2.0	5.0	I	4.0	('D', 'F#', 'A')	D	F#	A	D	D	0.0	maj	(2, 6, 9)	D	D	1	None	False	['D', 'F#', 'A', 'D', 'F#', 'A', 'D', 'F#', 'A', 'D', 'F#', 'A', 'D', 'F#', 'A', 'D', 'F#', 'A', 'D', 'F#', 'A', 'D', 'F#', 'A', 'D', 'F#', 'A', 'D', 'F#', 'A', 'D', 'F#', 'A', 'D', 'F#', 'A', 'D', 'F#', 'A', 'D', 'F#', 'A', 'D', 'F#', 'A', 'D', 'F#', 'A']	0.0	0.0	0.0	0.0
9.125	2.0	5.0	['D4', 'F#4', 'A4']	['M3', 'P5']	[False, False, False]	5.0	2.0	5.0	I	4.0	('D', 'F#', 'A')	D	F#	A	D	D	0.0	maj	(2, 6, 9)	D	D	1	None	False	['D', 'F#', 'A', 'D', 'F#', 'A', 'D', 'F#', 'A', 'D', 'F#', 'A', 'D', 'F#', 'A', 'D', 'F#', 'A', 'D', 'F#', 'A', 'D', 'F#', 'A', 'D', 'F#', 'A', 'D', 'F#', 'A', 'D', 'F#', 'A', 'D', 'F#', 'A', 'D', 'F#', 'A', 'D', 'F#', 'A', 'D', 'F#', 'A', 'D', 'F#', 'A']	0.0	0.0	0.0	0.0
9.25	2.0	5.0	['D4', 'F#4', 'A4']	['M3', 'P5']	[False, False, False]	5.0	2.0	5.0	I	4.0	('D', 'F#', 'A')	D	F#	A	D	D	0.0	maj	(2, 6, 9)	D	D	1	None	False	['D', 'F#', 'A', 'D', 'F#', 'A', 'D', 'F#', 'A', 'D', 'F#', 'A', 'D', 'F#', 'A', 'D', 'F#', 'A', 'D', 'F#', 'A', 'D', 'F#', 'A', 'D', 'F#', 'A', 'D', 'F#', 'A', 'D', 'F#', 'A', 'D', 'F#', 'A', 'D', 'F#', 'A', 'D', 'F#', 'A', 'D', 'F#', 'A', 'D', 'F#', 'A']	0.0	0.0	0.0	0.0
9.375	2.0	5.0	['D4', 'F#4', 'A4']	['M3', 'P5']	[False, False, False]	5.0	2.0	5.0	I	4.0	('D', 'F#', 'A')	D	F#	A	D	D	0.0	maj	(2, 6, 9)	D	D	1	None	False	['D', 'F#', 'A', 'D', 'F#', 'A', 'D', 'F#', 'A', 'D', 'F#', 'A', 'D', 'F#', 'A', 'D', 'F#', 'A', 'D', 'F#', 'A', 'D', 'F#', 'A', 'D', 'F#', 'A', 'D', 'F#', 'A', 'D', 'F#', 'A', 'D', 'F#', 'A', 'D', 'F#', 'A', 'D', 'F#', 'A', 'D', 'F#', 'A', 'D', 'F#', 'A']	0.0	0.0	0.0	0.0
9.5	2.0	5.0	['D4', 'F#4', 'A4']	['M3', 'P5']	[False, False, False]	5.0	2.0	5.0	I	4.0	('D', 'F#', 'A')	D	F#	A	D	D	0.0	maj	(2, 6, 9)	D	D	1	None	False	['D', 'F#', 'A', 'D', 'F#', 'A', 'D', 'F#', 'A', 'D', 'F#', 'A', 'D', 'F#', 'A', 'D', 'F#', 'A', 'D', 'F#', 'A', 'D', 'F#', 'A', 'D', 'F#', 'A', 'D', 'F#', 'A', 'D', 'F#', 'A', 'D', 'F#', 'A', 'D', 'F#', 'A', 'D', 'F#', 'A', 'D', 'F#', 'A', 'D', 'F#', 'A']	0.0	0.0	0.0	0.0
9.625	2.0	5.0	['D4', 'F#4', 'A4']	['M3', 'P5']	[False, False, False]	5.0	2.0	5.0	I	4.0	('D', 'F#', 'A')	D	F#	A	D	D	0.0	maj	(2, 6, 9)	D	D	1	None	False	['D', 'F#', 'A', 'D', 'F#', 'A', 'D', 'F#', 'A', 'D', 'F#', 'A', 'D', 'F#', 'A', 'D', 'F#', 'A', 'D', 'F#', 'A', 'D', 'F#', 'A', 'D', 'F#', 'A', 'D', 'F#', 'A', 'D', 'F#', 'A', 'D', 'F#', 'A', 'D', 'F#', 'A', 'D', 'F#', 'A', 'D', 'F#', 'A', 'D', 'F#', 'A']	0.0	0.0	0.0	0.0
9.75	2.0	5.0	['D4', 'F#4', 'A4']	['M3', 'P5']	[False, False, False]	5.0	2.0	5.0	I	4.0	('D', 'F#', 'A')	D	F#	A	D	D	0.0	maj	(2, 6, 9)	D	D	1	None	False	['D', 'F#', 'A', 'D', 'F#', 'A', 'D', 'F#', 'A', 'D', 'F#', 'A', 'D', 'F#', 'A', 'D', 'F#', 'A', 'D', 'F#', 'A', 'D', 'F#', 'A', 'D', 'F#', 'A', 'D', 'F#', 'A', 'D', 'F#', 'A', 'D', 'F#', 'A', 'D', 'F#', 'A', 'D', 'F#', 'A', 'D', 'F#', 'A', 'D', 'F#', 'A']	0.0	0.0	0.0	0.0
9.875	2.0	5.0	['D4', 'F#4', 'A4']	['M3', 'P5']	[False, False, False]	5.0	2.0	5.0	I	4.0	('D', 'F#', 'A')	D	F#	A	D	D	0.0	maj	(2, 6, 9)	D	D	1	None	False	['D', 'F#', 'A', 'D', 'F#', 'A', 'D', 'F#', 'A', 'D', 'F#', 'A', 'D', 'F#', 'A', 'D', 'F#', 'A', 'D', 'F#', 'A', 'D', 'F#', 'A', 'D', 'F#', 'A', 'D', 'F#', 'A', 'D', 'F#', 'A', 'D', 'F#', 'A', 'D', 'F#', 'A', 'D', 'F#', 'A', 'D', 'F#', 'A', 'D', 'F#', 'A']	0.0	0.0	0.0	0.0
